start=14259.267000
pause=yes
volume=130.000000
panscan=0.500000
