start=1300.508000
volume=130.000000
