start=197.990000
pause=yes
volume=110.000000
