start=3526.064000
volume=130.000000
fullscreen=yes
