start=4747.823000
pause=yes
volume=130.000000
