start=3171.335000
pause=yes
volume=120.000000
