start=1283.699000
volume=110.000000
fullscreen=yes
